3.149267280528994739e+00,7.833719266760576228e-02,4.247217134228201824e-02,-3.017322324142791001e-01,3.854080327119448146e+00,4.199351972778226361e-01,-3.015801756388533095e-01,-1.638384159652007899e+00,-2.002634585980637816e+00,1.548179268353840232e+00,1.343043313874846323e+00,2.788313337160462702e+00,9.636153277222638813e-01,1.784382317434628273e+00,-2.296695437978366172e+00,1.831275615824747627e+00
4.505418226174988661e+00,4.268241365971466195e+00,2.305341806265870375e+00,1.564766146971271921e+00,1.519349502942493713e+00,1.967160481436244890e+00,2.045705545935256886e+00,2.485005112469867328e+00,-3.565276431933535051e+00,2.276369049236667941e+00,-2.438446077797459810e-01,-5.544511062366754839e-01,3.147561427076041696e+00,-1.154293132049844239e-01,3.367082998635731350e+00,2.787547998584132714e+00
-3.528243190152430042e+00,-1.595448903050200318e-01,-2.282877224912164937e+00,1.501565628865338509e+00,2.278883173864161282e+00,6.484557130084848131e-01,2.771630385765336602e+00,-2.929350681342614227e+00,-3.951906618477614597e+00,-5.536217766077301539e-01,-1.885006326831230927e+00,-2.177376239288533188e+00,5.827747277018630045e-01,4.220479551782227445e-01,3.028928348527260561e-01,-4.932132431280449869e-01
-3.149133695202297467e+00,2.607848027729366969e+00,1.245542351159913297e+00,1.201423251448612950e+00,1.828628295552250149e+00,2.952594066192962607e+00,-7.776999012796265154e-01,-2.919950014301268659e+00,-1.467390062260172323e+00,-4.415305142246356285e-01,2.090632008386090313e+00,4.506278069750559112e+00,7.655287720225641968e-01,-1.083365815181168257e+00,-3.232545854832284959e+00,-3.254152053208903439e+00
3.133987320799103582e+00,6.947548838831531237e-02,-3.733785536148067852e+00,1.800696254804053931e+00,-1.063526715808939427e+00,2.304859552116776289e+00,-3.428236685587594534e-01,2.894806075555246050e+00,-1.156698074938502740e+00,-4.652263252156343398e-01,2.602148321618697135e+00,-2.093478743139093989e+00,3.657711850613135640e-01,1.187380279262734151e+00,3.051982505089317232e+00,-2.607979100261806682e+00
1.518122654842174013e+00,-1.548974903760520272e+00,-1.971972848098102693e+00,-1.347612933555098147e+00,-1.446065586635123301e+00,-1.913077947155085168e+00,-3.190048004712778607e+00,2.773930922998507853e+00,1.933946220984409381e-01,-2.570943210602498752e+00,9.383723032849869972e-01,-8.967367549563739493e-01,-1.857640848119445076e-01,2.774061379543111716e+00,-5.895559215662120600e-01,-2.389521217285350829e+00
-3.142080451097585492e+00,-3.047536197182072026e+00,3.233212763112008670e+00,-1.555561359316236514e-01,-2.292256063489296558e+00,-3.476825098916916712e+00,2.221667766950101985e-01,2.799239262693968389e+00,-1.125001718897257197e+00,-4.563004994610828646e+00,-1.688370171318570145e+00,1.747676105212500941e+00,-1.092978229669794965e+00,1.816128862757265372e+00,1.502829339106108497e+00,-3.819415398393616101e+00
-3.217460049230515207e+00,1.936473595446045026e+00,5.940760530950148222e-02,-7.942595577882606561e-02,4.499356859438289113e+00,-1.158308950529284564e-01,-1.116302724806545799e+00,-1.542271106788239310e+00,-1.743109594067345780e+00,1.749883975015981585e+00,-2.244592756292492997e+00,-3.327095730298010312e-02,-1.472218164837940657e+00,5.438100526942775126e-01,2.406904201637043439e+00,1.509085848064585678e+00
-8.728438095745195691e-01,-1.767032902428798513e+00,-2.490463537753253576e+00,-8.356259364640523934e-02,-2.391330590008818646e+00,3.029001859986248490e+00,1.750080344367547669e+00,4.505066031062495924e+00,3.103398184808514593e+00,7.815514284961609937e-01,-2.954062371016483723e+00,-2.216250751577306666e+00,-1.500135849811768285e+00,-6.681671454190867276e-01,-1.409057035952982373e+00,1.870228232396039303e+00
1.508405731336051270e+00,4.677570158957394142e+00,-3.198321303165963414e+00,3.343893879994574436e-01,2.724217286842235630e+00,-1.185468653028212804e+00,1.461691238122261316e+00,-4.707201550486360020e+00,-1.611587988379879599e+00,-1.518446597003308307e+00,-8.021395093055289083e-01,3.138810811437092063e+00,3.551186362241698369e+00,-1.722063889291932104e-01,3.900781231371735380e+00,1.156020055777882805e+00
-3.880197643881515557e+00,-3.585552719315204140e+00,-3.013124984174751386e+00,4.876066788520445061e-01,-2.022724320693318756e+00,1.375069053684676579e+00,-6.536522841829272013e-01,2.076944628392283221e+00,2.017546387704165500e+00,2.719634320533004246e+00,1.126242635198344971e-01,-1.059830283428749187e+00,3.017119846722515764e+00,2.051277758544977292e+00,4.054897588780323581e+00,-2.385187585002507493e+00
3.419877287722716819e+00,-1.163465960680499345e+00,-4.693264843954978005e+00,1.487257257176073599e+00,-4.402862591953924820e+00,-4.749790582224456825e-01,1.910410629011591643e+00,3.275938760985082521e+00,-1.603241585841881145e+00,-1.552467069179489956e+00,-1.737127627576001254e+00,-6.865026790340240659e-01,-2.300444209014278041e+00,1.236905750769219159e+00,2.955600522128052798e+00,2.283900873343830629e+00
-2.636544093249218790e+00,5.952021867068947314e-01,-1.137288656915805607e+00,-4.350565944266178708e-01,-3.383952671919489563e-01,-7.031451135959324583e-01,-1.250906130092325430e+00,-2.847601522646144301e-01,-2.715820919716120940e+00,-2.828820230988965956e-01,3.042870792501635613e+00,-1.043050204000516290e+00,-3.166828587608329748e+00,8.595034918591010209e-02,-1.327564438259552393e+00,1.705641210890767034e-01
7.140732242948416575e-01,8.402372294509871664e-02,-3.302827301828519246e+00,2.167723825694134909e+00,-3.023057789202936441e-01,-2.111317829050089578e+00,-1.292416905823741580e+00,-1.949470436491537839e+00,-2.933870999592564921e+00,-4.289953194441717521e+00,3.808794841455159563e+00,-2.658629613160541361e+00,2.879138149261140533e+00,-2.759451613522443184e-02,-8.859878737192825593e-01,7.130547464364923593e-01
-9.655921968708195413e-01,-2.932226461641613380e+00,4.666532024577075610e+00,-1.646705303701929912e+00,9.143840942498919488e-02,-1.650159038770268927e+00,-1.411199003971131127e-01,-9.359683087865890982e-01,2.904209331687793050e+00,1.667669035123520827e+00,5.008709734323560703e+00,-1.946567437349128626e+00,9.992700441205244477e-01,2.208076385595933167e-01,5.317365445476631258e+00,-2.060490425372842049e-01
-1.558246963725803957e-01,3.986854767294301549e+00,-1.736294076605164882e+00,4.132249542455245783e-01,3.028533061073782395e+00,8.968557215525181370e-01,1.424475608633755996e+00,7.857324489284028823e-01,-1.288885747713158225e-01,3.181035579630224763e+00,-2.473520845429329207e-02,1.573624139802177524e+00,-5.279319031242234173e-02,-1.567021424824206755e-01,-1.912031104418383975e+00,2.464361895209641329e+00
3.064761594588029769e+00,2.175431090958443170e-01,2.063404284900743679e+00,1.753691363097958256e+00,1.515801622201202736e+00,-2.343960352767493038e+00,-1.865067213719604933e+00,-4.157281264219447325e-01,1.513579429749642991e+00,1.327336102041888122e+00,-1.710001593455130031e+00,2.134514001322980636e+00,2.154713299744314359e+00,7.759578989205083710e-01,-3.857774036997477229e-01,5.947040277690128773e-01
-2.619710078963812361e+00,2.570930196039262317e+00,3.273905591224758549e+00,-3.287642536126049175e-01,2.141526052849808792e+00,1.774619263775348843e+00,2.690351569615490934e+00,-3.367005001890587490e+00,8.692311697112965474e-01,1.418266892575644977e+00,-3.986483824289037248e+00,-1.551909931687089461e+00,-2.993550573969387951e+00,-1.008994793473250606e+00,-1.840350719457413131e+00,2.489149578288184575e-02
-1.624205169462722642e+00,-6.408593618035910433e-01,-2.773910414409334724e+00,-1.730247072303058298e+00,-1.549098608964204926e+00,-1.397378066937672303e+00,-1.587709316682245353e+00,-1.942173173630168170e+00,-6.296378938664379254e-02,2.859915031585225531e+00,1.868964933865908451e+00,5.125251313817085652e+00,2.264836391255179660e+00,4.720435786715703408e+00,1.735602795245238861e+00,-1.482410985496499523e+00
-3.358084389585989538e+00,2.498609468609395812e+00,-1.124676324365135871e+00,2.147658794110170799e+00,8.347361203613432035e-02,3.519176338317148822e+00,-2.537019502087540790e+00,4.627489379054944840e-01,-8.912349038494984388e-01,-1.895200473375810990e+00,2.338024288173580434e+00,-2.334112180439653628e+00,-1.107878164180285507e+00,-1.528148641375506100e+00,1.708511611561667642e+00,1.660047227983556306e+00
4.557781972645779334e+00,-1.410444921754276493e+00,-5.860158995367878987e-01,1.582059803378237817e+00,1.112118506066642976e+00,3.593276773944799718e+00,-3.682950333194653370e-01,2.189457508805452424e+00,2.643743834498175627e+00,4.479437308174045285e+00,-1.138417837695977763e-01,3.018692493414001365e+00,-9.575148201861258951e-03,-3.149515098135170721e+00,-5.415954803364513293e-01,2.637210193264540425e+00
-1.061936888588656647e+00,-1.543849759285943701e+00,-4.086340866612810374e-01,4.776026700374813139e+00,-1.064992660572257499e+00,3.220282211119367966e-01,-3.849630792603709661e+00,3.489830985685716147e+00,2.517802798268292327e-02,2.394563059631552804e+00,-1.265609564788366725e+00,3.993850389651730115e+00,-3.742943280689349506e-02,-4.318513183303088532e+00,-3.638568178354419924e+00,-8.434387403631566915e-01
-2.785181903443972207e+00,3.388603454656895941e+00,-3.768550605560180511e+00,-2.219389293466829116e+00,4.081697325237499396e-01,3.003482357355371057e+00,-5.298143860258587301e-01,-2.224481411498179018e+00,-7.986195530176922741e-01,1.802026427875934145e+00,-1.786892228554587625e+00,1.481770049661767175e+00,1.000876920690368044e+00,-1.580893420578648456e+00,1.550542065975421435e+00,-2.251617783820481833e+00
-3.425727206038354122e+00,3.275238539660337289e-01,6.568877885858276366e-01,-2.271753115102848941e+00,1.696762947079050177e-01,1.937680669904112418e-01,1.779745151090858180e+00,2.509879986752320047e+00,2.168988705428287755e-01,-1.935624130681261323e-01,7.757087632802946997e-01,1.354652182312324538e+00,-3.018460139521091268e+00,2.126789133834947887e-01,2.933465804348698303e+00,2.568695287251110404e+00
-5.481559734442583709e-01,-2.113678992553643443e+00,-1.685015182501768516e+00,-1.556435995338723233e+00,-1.948866819680082019e+00,-2.013725983683718468e+00,-6.154880237366434914e-02,4.011046553723446983e+00,9.994763775507754522e-01,-6.212789245534102722e-01,-2.042813019598450186e+00,2.101118656437839682e+00,1.459714576928305751e+00,3.009605893120400832e+00,-1.048001637236312567e+00,-2.514979160582589413e-01
4.524869141342996448e-01,-3.498538655904479100e+00,-3.076597644857347991e+00,-2.988586746202726463e+00,1.463055587895951470e+00,3.451078898501637848e+00,-6.262361810152491937e-02,-2.070361118307246784e+00,-4.823976034917333955e+00,-2.139738595047645298e+00,1.266122438667462324e+00,-1.593898278966512594e+00,-1.186611448725986673e+00,1.464388123866983138e+00,3.669346232594474788e+00,-1.944116522933101443e-01
2.181151580470839235e+00,-1.245665301026363636e+00,1.560259184038988861e-02,5.717444850992224881e-01,-2.619856769309090616e+00,3.968945764256128217e-01,1.185509891435612140e+00,6.707960176340084513e-02,2.486124119582537872e+00,-1.830998073542017934e+00,-2.074270771323041274e+00,2.313880325253220960e+00,-1.243502813116402539e+00,-2.693392635721920669e+00,-1.659253072128268780e+00,-2.691585736909127835e-01
1.704749483590615844e+00,-1.703413292878048102e+00,-3.118770951701325608e-02,3.130882884489264661e+00,-3.099189313208162488e+00,3.702877636296469266e+00,1.549440589721920558e+00,1.586336754856260134e+00,-1.028071648661675219e+00,1.710388062543790832e+00,1.200891829690819756e+00,2.398629296988029402e+00,9.642332406704882120e-01,3.234760555224164058e+00,-4.178121607925824876e-01,4.626585310103543236e+00
2.792807491346549043e+00,-3.826602281356525026e+00,1.393842225775008270e+00,1.537025353651766957e-01,3.229283915640980496e+00,5.615272369073231573e+00,-2.310173937843658543e+00,-5.496502167048202381e+00,1.100399022467644095e+00,1.375824834692721321e+00,-3.213694747056121237e+00,1.796850855516267220e+00,5.486717619100435428e+00,1.626881141149967736e+00,1.613713602035726780e+00,-1.363633317820676982e+00
2.596819536546867702e-01,3.076161774874679011e+00,1.440319173645235873e+00,4.747526400160388071e+00,4.541635485300294484e+00,4.514978195519283449e-02,-2.989137872393183848e+00,9.485257327602036881e-01,2.915911622024868421e+00,3.089404179664728467e+00,1.328262377904717573e+00,-1.877781840158175397e+00,1.385514565922709052e+00,2.807838917399122641e-02,2.164532018264458291e+00,2.875248965862227557e+00
